1
3
3
3
3
3
3
3
3
5
7
7
7
7
7
7
7
7
7
9
11
7
11
11
11
11
11
11
11
11
13
15
13
15
15
15
15
15
15
15
15
15
15
17
17
19
19
19
19
19
19
19
19
21
23
23
23
23
23
23
23
23
23
23
23
27
27
27
27
27
27
27
31
27
31
31
31
31
31
31
31
31
31
31
31
31
31
31
31
35
35
35
35
35
35
35
35
35
37
39
39
39
39
39
39
39
39
39
41
41
43
41
39
43
43
43
43
43
43
43
43
43
43
47
47
47
47
47
47
47
47
47
47
47
47
47
49
51
51
51
51
51
51
51
51
51
51
53
55
55
55
55
55
55
55
55
55
55
55
57
59
59
59
59
59
59
59
59
59
59
59
61
59
63
63
63
63
63
63
63
63
63
63
63
67
65
67
67
67
67
67
67
67
67
67
67
67
71
71
71
71
71
71
71
71
71
71
71
71
71
71
73
73
75
75
75
75
75
75
75
75
75
75
75
79
79
79
79
79
79
79
79
79
79
79
79
79
79
79
83
83
83
83
83
83
83
83
83
83
83
83
83
85
85
85
87
87
87
87
87
87
87
87
87
87
87
87
87
89
87
89
91
91
91
91
91
91
91
91
91
91
91
91
93
93
95
95
91
95
95
95
95
95
95
95
95
95
95
95
95
95
95
95
99
99
99
99
99
99
99
99
99
99
99
101
101
101
103
101
103
103
103
103
103
103
103
103
103
103
103
103
103
103
105
107
105
105
107
107
107
107
107
107
107
107
107
107
107
109
111
111
109
111
111
111
111
111
111
111
111
111
111
111
111
111
111
111
113
115
115
115
115
115
115
115
115
115
115
115
115
117
117
119
119
119
119
119
119
119
119
119
119
119
119
119
119
119
119
121
121
119
121
121
123
123
123
123
123
123
123
123
123
123
123
123
123
123
123
123
125
125
127
127
127
127
127
127
127
127
127
127
127
127
127
127
127
127
127
127
129
129
131
131
131
131
131
131
131
131
131
131
131
131
131
131
131
133
131
135
135
135
135
135
135
135
135
135
135
135
135
135
135
135
135
135
135
135
137
139
139
135
139
137
139
139
139
139
139
139
139
139
139
139
139
139
139
139
139
141
139
143
139
141
143
143
143
141
143
143
143
143
143
143
143
143
143
143
143
143
143
143
145
143
143
143
143
145
143
145
147
147
147
147
147
147
147
147
147
147
147
147
147
147
147
147
147
147
147
149
147
147
151
151
151
151
151
151
151
151
151
151
151
151
151
151
151
151
151
151
151
151
151
153
151
153
155
155
155
155
155
155
155
155
155
155
155
155
155
155
155
155
155
155
155
155
155
159
159
159
159
159
159
159
159
159
159
159
159
159
159
159
159
159
159
159
159
159
159
159
159
159
159
159
161
159
159
161
161
161
163
163
163
163
163
163
163
163
163
163
163
163
163
163
163
163
163
163
163
163
163
163
163
163
165
165
167
167
167
167
167
167
167
167
167
167
167
167
167
167
167
167
167
167
167
167
167
167
167
167
167
169
167
167
169
167
171
171
171
171
169
171
171
171
171
171
171
171
171
171
171
171
171
171
171
171
171
171
171
171
171
171
171
171
171
171
171
175
173
171
175
175
175
175
175
175
175
175
175
175
175
175
175
175
175
175
175
175
175
175
175
175
175
175
175
175
175
175
175
175
175
175
175
175
175
179
179
179
179
179
179
179
179
179
179
179
179
179
179
179
179
179
179
179
179
179
179
179
179
179
179
179
179
179
179
179
179
179
179
183
179
179
181
183
183
183
183
183
183
183
183
183
183
183
183
183
183
183
183
183
183
183
183
183
183
183
183
183
183
183
183
183
183
185
183
183
183
183
187
185
187
185
187
187
187
187
187
187
187
187
187
187
187
187
187
187
187
187
187
187
187
187
187
187
187
187
187
187
187
187
187
187
187
187
187
187
191
189
187
187
187
191
191
191
191
187
191
191
191
191
191
191
191
191
191
191
191
191
191
191
191
191
191
191
191
191
191
191
191
191
191
191
191
191
191
191
191
191
191
191
191
191
193
191
191
191
191
191
191
193
191
191
195
191
195
195
195
195
195
195
195
195
195
195
195
195
195
195
195
195
195
195
195
195
195
195
195
195
195
195
195
195
195
195
195
195
195
195
195
197
195
199
199
199
197
199
199
199
199
199
199
199
199
199
199
199
199
199
199
199
199
199
199
199
199
199
199
199
199
199
199
199
199
199
199
199
199
199
199
201
199
199
199
199
199
199
203
199
201
203
203
203
199
203
199
203
203
203
201
203
203
203
203
203
203
203
203
203
203
203
203
203
203
203
203
203
203
203
203
203
203
203
203
203
203
203
203
203
203
203
203
203
203
203
203
203
203
203
205
203
207
207
203
203
207
203
207
207
207
203
207
207
205
207
203
207
207
207
207
207
207
207
207
207
207
207
207
207
207
207
207
207
207
207
207
207
207
207
207
207
207
207
207
207
207
207
207
207
207
207
207
207
207
207
207
207
207
211
207
207
211
209
209
207
211
211
211
209
211
211
209
211
211
211
211
211
211
211
211
211
211
211
211
211
211
211
211
211
211
211
211
211
211
211
211
211
211
211
211
211
211
211
211
211
211
211
211
211
211
211
211
211
211
211
211
211
211
211
213
211
211
211
211
211
213
211
213
213
211
213
215
215
211
211
215
211
211
215
215
215
213
215
215
213
215
215
215
215
215
215
215
215
215
215
215
215
215
215
215
215
215
215
215
215
215
215
215
215
215
215
215
215
215
215
215
215
215
215
215
215
215
215
215
215
215
215
215
215
215
215
215
215
215
217
217
215
215
219
215
215
217
215
215
215
219
219
215
215
219
219
219
219
215
215
219
219
219
219
219
219
219
219
219
219
219
219
219
219
219
219
219
219
219
219
219
219
219
219
219
219
219
219
219
219
219
219
219
219
219
219
219
219
219
219
219
219
219
219
219
219
219
219
219
219
219
219
219
219
219
219
219
219
219
219
223
219
219
221
221
223
219
219
221
219
219
219
219
223
219
221
221
219
219
223
223
219
223
221
223
219
223
221
223
223
223
223
223
223
223
223
223
223
223
223
223
223
223
223
223
223
223
223
223
223
223
223
223
223
223
223
223
223
223
223
223
223
223
223
223
223
223
223
223
223
223
223
223
223
223
223
223
223
223
223
223
223
223
223
223
223
223
223
223
223
223
223
223
223
223
223
223
223
223
223
223
223
223
223
223
223
225
223
223
225
223
223
227
227
223
227
227
223
223
223
223
223
227
223
225
227
227
227
227
227
227
227
227
227
227
227
227
227
227
227
227
227
227
227
227
227
227
227
227
227
227
227
227
227
227
227
227
227
227
227
227
227
227
227
227
227
227
227
227
227
227
227
227
227
227
227
227
227
227
227
227
227
227
227
227
227
227
227
227
227
227
227
227
227
227
227
227
227
227
227
227
227
227
227
227
227
227
227
227
227
227
227
227
227
227
227
227
229
227
227
231
227
227
229
229
229
227
231
229
227
227
231
227
231
227
229
229
231
231
231
229
229
231
229
231
231
229
231
231
231
231
231
231
231
231
231
231
231
231
231
231
231
231
231
231
231
231
231
231
231
231
231
231
231
231
231
231
231
231
231
231
231
231
231
231
231
231
231
231
231
231
231
231
231
231
231
231
231
231
231
231
231
231
231
231
231
231
231
231
231
231
231
231
231
231
231
231
231
231
231
231
231
231
231
231
231
231
231
231
231
231
231
231
231
231
231
231
231
231
231
231
231
231
231
231
231
231
231
231
233
231
231
231
231
231
231
231
231
231
231
231
231
231
231
235
231
235
231
233
235
233
231
231
235
233
235
233
233
235
235
231
235
235
233
233
235
235
233
235
235
235
235
231
235
235
235
235
233
235
235
235
235
235
235
235
235
235
235
235
235
235
235
235
235
235
235
235
235
235
235
235
235
235
235
235
235
235
235
235
235
235
235
235
235
235
235
235
235
235
235
235
235
235
235
235
235
235
235
235
235
235
235
235
235
235
235
235
235
235
235
235
235
235
235
235
235
235
235
235
235
235
235
235
235
235
235
235
235
235
235
235
235
235
235
235
235
235
235
235
235
235
235
235
235
235
235
235
235
235
235
235
235
235
235
235
235
235
235
235
235
235
235
235
235
235
235
235
235
235
235
235
235
235
235
235
235
237
235
235
237
235
239
235
235
235
235
235
239
235
235
235
235
235
235
239
237
235
235
239
239
235
239
239
235
235
237
239
235
235
239
239
235
235
239
239
239
239
235
239
239
239
239
239
239
237
239
239
235
239
237
239
239
239
239
239
239
239
239
239
239
239
239
239
239
239
239
239
239
239
239
239
239
239
239
239
239
239
239
239
239
239
239
239
239
239
239
239
239
239
239
239
239
239
239
239
239
239
239
239
239
239
239
239
239
239
239
239
239
239
239
239
239
239
239
239
239
239
239
239
239
239
239
239
239
239
239
239
239
239
239
239
239
239
239
239
239
239
239
239
239
239
239
239
239
239
239
239
239
239
239
239
239
239
239
239
239
239
239
239
239
239
239
239
239
239
239
239
239
239
239
239
239
239
239
239
239
239
239
239
239
239
239
239
239
239
239
239
239
239
239
239
239
239
239
239
239
239
239
239
239
239
239
239
239
239
239
239
239
239
239
239
239
239
239
239
239
239
239
239
239
239
239
239
239
239
239
239
239
239
239
239
239
241
239
241
239
239
239
239
239
239
239
239
235
235
235
235
235
235
235
235
235
235
235
235
231
231
231
231
231
231
231
231
231
231
231
227
231
229
227
227
227
227
227
227
227
227
227
227
225
223
223
223
223
223
223
223
223
221
223
223
223
219
219
219
219
219
219
219
219
219
219
219
219
215
215
215
215
215
215
215
215
215
215
215
215
211
211
211
211
211
211
211
211
211
211
211
211
207
211
207
207
207
207
207
207
207
207
207
207
207
207
203
203
203
203
203
203
203
203
203
203
203
199
199
199
199
199
199
199
199
199
199
199
199
199
199
199
195
195
195
195
195
195
195
195
195
195
195
195
195
195
193
195
191
191
191
191
191
191
191
191
191
191
191
191
189
187
187
187
187
187
187
187
187
187
187
187
187
187
185
183
187
183
183
183
183
183
183
183
183
183
183
183
183
183
183
183
179
179
179
179
179
179
179
179
179
179
179
179
179
179
175
179
175
175
175
175
175
175
175
175
175
175
175
175
175
175
175
171
171
171
171
171
171
171
171
171
171
171
171
171
167
171
171
171
171
167
167
167
167
167
167
167
167
167
167
167
167
167
163
167
163
167
163
163
163
163
163
163
163
163
163
163
163
163
163
159
159
159
159
159
159
159
159
159
159
159
159
159
159
159
159
159
155
155
155
155
155
155
155
155
155
155
155
155
155
155
155
151
155
155
155
151
151
151
151
151
151
151
151
151
151
151
151
151
151
151
151
151
147
147
147
147
147
147
147
147
147
147
147
147
147
147
147
147
147
147
143
147
143
143
143
143
143
143
143
143
143
143
143
143
143
143
143
143
143
139
139
139
143
139
139
139
139
139
139
139
139
139
139
139
139
139
139
139
139
135
139
135
135
135
135
135
135
135
135
135
135
135
135
135
135
135
135
135
135
135
131
133
131
131
131
131
131
131
131
131
131
131
131
131
131
131
131
131
131
131
131
131
129
131
127
127
127
127
127
127
127
127
127
127
127
127
127
127
127
127
125
123
125
127
123
125
123
123
123
123
123
123
123
123
123
123
123
123
123
123
123
123
123
123
123
119
119
119
119
119
119
119
119
119
119
119
119
119
119
119
119
119
119
119
119
119
119
119
115
115
117
115
115
115
115
115
115
115
115
115
115
115
115
115
115
115
115
115
115
113
115
115
111
111
111
111
111
111
111
111
111
111
111
111
111
111
111
111
111
111
111
111
111
111
111
111
107
107
107
107
107
107
107
107
107
107
107
107
107
107
107
107
107
107
107
107
107
107
107
105
107
107
103
103
107
103
103
103
103
103
103
103
103
103
103
103
103
103
103
103
103
103
103
103
103
103
103
101
103
99
99
99
99
99
99
99
99
99
99
99
99
99
99
99
99
99
99
99
99
99
99
99
99
99
99
99
95
99
95
95
95
95
95
95
95
95
95
95
95
95
95
95
95
95
95
95
95
95
95
95
95
95
91
95
95
95
91
91
91
91
91
91
91
91
91
91
91
91
91
91
91
91
91
91
91
91
91
91
91
91
91
91
91
91
91
89
87
89
87
87
87
87
87
87
87
87
87
87
87
87
87
87
87
87
87
87
87
87
87
87
87
87
87
87
87
87
87
87
87
83
83
83
83
83
83
83
83
83
83
83
83
83
83
83
83
83
83
83
83
83
83
83
83
83
83
83
83
83
83
83
83
83
83
79
83
79
79
79
79
79
79
79
79
79
79
79
79
79
79
79
79
79
79
79
79
79
79
79
79
79
79
79
79
79
79
79
79
79
75
77
77
75
79
75
75
75
75
75
75
75
75
75
75
75
75
75
75
75
75
75
75
75
75
75
75
75
75
75
75
75
75
73
75
73
73
71
71
73
71
71
71
71
71
71
71
71
71
71
71
71
71
71
71
71
71
71
71
71
71
71
71
71
71
71
71
71
71
71
71
71
71
69
67
69
71
67
67
67
67
67
67
67
67
67
67
67
67
67
67
67
67
67
67
67
67
67
67
67
67
67
67
67
67
67
67
67
67
65
67
67
67
67
65
67
63
63
63
63
63
63
63
63
63
63
63
63
63
63
63
63
63
63
63
63
63
63
63
63
63
63
63
63
63
63
63
63
63
63
63
63
63
63
63
61
63
63
63
61
61
59
59
59
59
59
59
59
59
59
59
59
59
59
59
59
59
59
59
59
59
59
59
59
59
59
59
59
59
59
57
59
59
59
59
59
59
59
57
59
55
59
59
55
55
57
55
55
55
55
55
55
55
55
55
55
55
55
55
55
55
55
55
55
55
55
55
55
55
55
55
55
55
55
55
55
55
55
55
55
55
55
55
55
55
55
55
55
55
55
55
55
51
55
55
51
55
53
51
53
51
55
51
51
51
51
51
51
51
51
51
51
51
51
51
51
51
51
51
51
51
51
51
51
51
51
51
51
51
51
51
51
51
51
51
51
51
51
51
51
51
51
51
51
51
51
47
51
47
51
47
47
49
47
47
47
47
47
47
47
47
47
47
47
47
47
47
47
47
47
47
47
47
47
47
47
47
47
47
47
47
47
47
47
47
47
43
47
47
47
47
47
47
47
47
47
47
47
47
47
47
47
47
45
47
47
43
43
43
43
45
45
43
43
45
43
43
45
43
43
43
43
43
43
43
43
43
43
43
43
43
43
43
43
43
43
43
43
43
43
43
43
43
43
43
43
43
43
43
43
43
43
43
43
43
43
43
43
43
43
43
43
43
43
43
43
43
43
43
41
41
41
41
39
39
41
41
39
39
39
39
39
39
39
39
39
39
39
39
39
39
39
39
39
39
39
39
39
39
39
39
39
39
39
39
39
39
39
39
39
39
39
39
39
39
39
39
39
39
39
39
39
39
39
39
39
39
39
39
39
39
39
39
39
39
39
35
39
37
39
37
39
39
35
39
35
35
35
39
35
35
35
35
35
35
35
35
35
35
35
35
35
35
35
35
35
35
35
35
35
35
35
35
35
35
35
35
35
35
35
35
35
35
35
35
35
35
35
35
35
35
35
35
35
35
35
35
35
35
35
35
35
35
35
35
35
35
35
35
35
35
35
35
33
35
35
35
35
35
35
35
35
31
31
31
31
31
31
31
31
31
31
31
31
31
31
31
31
31
31
31
31
31
31
31
31
31
31
31
31
31
31
31
31
31
31
31
31
31
31
31
31
31
31
31
31
31
31
31
31
31
31
31
31
31
31
31
31
31
31
31
31
31
31
31
31
31
31
31
31
31
31
31
31
31
31
31
31
31
31
31
31
31
29
31
29
27
27
27
29
31
27
27
27
27
27
27
31
27
27
27
27
27
27
27
27
27
27
27
27
27
27
27
27
27
27
27
27
27
27
27
27
27
27
27
27
27
27
27
27
27
27
27
27
27
27
27
27
27
27
27
27
27
27
27
27
27
27
27
27
27
27
27
27
27
27
27
27
27
27
27
27
27
27
27
27
27
27
27
27
27
27
27
27
27
27
27
27
27
27
27
27
27
27
27
27
27
27
27
27
23
25
23
23
23
25
23
23
23
23
25
23
25
23
23
23
23
23
23
25
23
23
23
23
23
23
23
23
23
23
23
23
23
23
23
23
23
23
23
23
23
23
23
23
23
23
23
23
23
23
23
23
23
23
23
23
23
23
23
23
23
23
23
23
23
23
23
23
23
23
23
23
23
23
23
23
23
23
23
23
23
23
23
23
23
23
23
23
23
23
23
23
23
23
23
23
23
23
23
23
23
23
23
23
23
23
23
23
23
23
19
23
23
23
19
23
23
23
23
23
21
23
19
23
21
23
19
19
23
19
19
23
19
19
19
21
19
19
19
19
19
19
19
19
21
19
19
19
19
19
19
19
19
19
19
19
19
19
19
19
19
19
19
19
19
19
19
19
19
19
19
19
19
19
19
19
19
19
19
19
19
19
19
19
19
19
19
19
19
19
19
19
19
19
19
19
19
19
19
19
19
19
19
19
19
19
19
19
19
19
19
19
19
19
19
19
19
19
19
19
19
19
19
19
19
19
19
19
19
19
19
19
19
19
19
19
19
19
19
19
19
19
19
19
19
19
19
17
19
19
19
19
19
19
19
19
19
19
19
15
19
19
19
19
15
19
19
19
19
19
15
15
19
19
19
19
15
19
15
19
19
15
17
19
15
17
19
19
15
17
15
15
15
15
19
15
15
15
15
17
15
15
15
15
15
15
15
15
15
15
15
15
15
15
15
15
15
15
15
15
15
15
15
15
15
15
15
15
15
15
15
15
15
15
15
15
15
15
15
15
15
15
15
15
15
15
15
15
15
15
15
15
15
15
15
15
15
15
15
15
15
15
15
15
15
15
15
15
15
15
15
15
15
15
15
15
15
15
15
15
15
15
15
15
15
15
15
15
15
15
15
15
15
15
15
15
15
15
15
15
15
15
15
15
15
15
15
15
15
15
15
15
15
15
15
15
15
15
15
15
15
15
15
15
15
15
15
15
15
15
15
15
15
15
15
15
15
15
15
15
15
13
15
15
15
15
15
15
15
13
15
15
13
11
13
15
15
15
15
15
13
13
13
15
13
11
11
11
11
11
13
15
15
15
15
13
11
11
11
11
11
15
13
13
11
13
13
15
11
11
13
11
11
11
11
15
15
11
11
15
13
11
11
11
15
13
11
11
11
11
11
11
11
11
11
11
15
11
11
11
11
11
11
11
11
11
11
11
11
11
11
11
11
11
11
11
11
11
11
11
11
11
11
11
11
11
11
11
11
11
11
11
11
11
11
11
11
11
11
11
11
11
11
11
11
11
11
11
11
11
11
11
11
11
11
11
11
11
11
11
11
11
11
11
11
11
11
11
11
11
11
11
11
11
11
11
11
11
11
11
11
11
11
11
11
11
11
11
11
11
11
11
11
11
11
11
11
11
11
11
11
11
11
11
11
11
11
11
11
11
11
11
11
11
11
11
11
11
11
11
11
11
11
11
11
11
11
11
11
11
11
11
11
11
11
11
11
11
11
11
11
11
11
11
11
11
11
11
11
11
11
11
11
11
11
9
9
11
11
11
11
11
11
11
11
11
11
11
11
11
11
11
11
11
11
11
11
11
11
11
11
11
11
11
11
11
11
11
11
11
11
11
11
11
11
11
11
7
7
7
7
11
11
11
11
11
7
9
9
7
9
7
7
11
11
7
7
11
7
9
11
7
11
11
9
7
7
7
7
7
7
9
7
9
11
7
7
7
7
7
7
7
7
9
7
9
7
7
7
7
7
7
7
9
9
7
7
7
7
7
7
7
7
7
7
7
7
7
7
7
11
7
7
7
7
7
7
7
7
7
7
7
7
7
7
7
7
7
7
7
7
7
7
7
7
7
7
7
7
7
7
7
7
7
7
7
7
7
7
7
7
7
7
7
7
7
7
7
7
7
7
7
7
7
7
7
7
7
7
7
7
7
7
7
7
7
7
7
7
7
7
7
7
7
7
7
7
7
7
7
7
7
7
7
7
7
7
7
7
7
7
7
7
7
7
7
7
7
7
7
7
7
7
7
7
7
7
7
7
7
7
7
7
7
7
7
7
7
7
7
7
7
7
7
7
7
7
7
7
7
7
7
7
7
7
7
7
7
7
7
7
7
7
7
7
7
7
7
7
7
7
7
7
7
7
7
7
7
7
7
7
7
7
7
7
7
7
7
7
7
7
7
7
7
7
7
7
7
7
7
7
7
7
7
7
7
7
7
7
7
7
7
7
7
7
7
7
7
7
7
7
7
7
7
7
7
7
7
7
7
7
7
7
7
7
7
7
7
7
7
7
7
7
7
7
7
7
7
7
7
7
7
7
7
7
7
7
7
7
7
7
7
7
7
7
7
7
7
7
7
7
7
7
7
7
7
7
7
7
7
7
7
7
7
7
7
7
7
7
7
7
7
7
7
7
7
7
7
7
7
7
7
7
7
7
7
7
7
7
7
7
7
7
7
7
7
7
7
7
7
7
7
7
7
7
7
7
7
7
7
7
7
7
7
7
7
7
7
7
7
3
7
7
5
7
7
7
7
7
