-1
3
3
3
3
3
3
3
3
3
7
7
7
7
7
7
7
7
7
7
7
7
11
11
11
11
11
11
11
11
11
11
13
11
15
15
15
15
15
15
15
15
15
15
19
19
19
19
19
19
19
19
19
19
19
23
23
23
23
23
23
23
23
23
23
25
27
27
27
27
27
27
27
27
27
31
27
27
31
31
31
31
31
31
31
31
31
33
33
35
35
35
35
35
35
35
35
35
37
39
37
37
39
39
39
39
39
39
39
39
39
43
41
43
43
43
43
43
43
43
43
43
43
43
45
47
45
47
47
47
47
47
47
47
47
47
47
51
51
51
51
51
51
51
51
51
51
51
51
51
55
55
55
55
55
55
55
55
55
55
55
59
55
57
59
59
59
59
59
59
59
59
59
59
59
63
63
63
63
63
63
63
63
63
63
63
63
63
63
63
63
63
67
67
67
67
67
67
67
67
67
67
67
67
67
67
67
71
71
71
71
71
71
71
71
71
71
71
71
71
71
75
75
75
75
75
75
75
75
75
75
75
75
75
79
75
79
79
79
79
79
79
79
79
79
79
79
81
79
81
83
83
83
83
83
83
83
83
83
83
83
83
83
83
87
85
87
87
87
87
87
87
87
87
87
87
87
87
87
89
91
91
89
91
91
91
91
91
91
91
91
91
91
91
91
91
91
95
93
93
93
95
95
95
95
95
95
95
95
95
95
95
95
95
99
99
99
99
99
99
99
99
99
99
99
99
99
99
101
99
103
103
103
103
103
103
103
103
103
103
103
103
103
103
103
103
103
107
105
105
107
107
107
107
107
107
107
107
107
107
107
107
107
107
107
107
107
109
109
111
111
111
111
111
111
111
111
111
111
111
111
111
111
111
111
111
115
115
115
115
115
115
115
115
115
115
115
115
115
115
115
115
115
115
115
117
119
119
119
119
119
119
119
119
119
119
119
119
119
119
119
119
119
119
119
119
123
119
123
123
123
123
123
123
123
123
123
123
123
123
123
123
123
125
123
123
127
123
127
127
127
127
127
127
127
127
127
127
127
127
127
127
127
127
129
127
131
131
131
131
131
131
131
131
131
131
131
131
131
131
131
131
131
131
131
133
135
131
135
135
135
135
135
135
135
135
135
135
135
135
135
135
135
135
135
135
135
139
137
135
135
139
139
139
139
139
139
139
139
139
139
139
139
139
139
139
139
139
139
141
139
139
141
143
143
143
143
143
143
143
143
143
143
143
143
143
143
143
143
143
143
143
143
143
143
147
147
143
147
147
147
147
147
147
147
147
147
147
147
147
147
147
147
147
147
147
147
147
151
151
151
151
151
151
151
151
151
151
151
151
151
151
151
151
151
151
151
151
151
151
151
151
151
151
151
155
151
151
155
155
155
155
155
155
155
155
155
155
155
155
155
155
155
155
155
155
155
155
155
155
155
155
159
155
157
159
159
159
159
159
159
159
159
159
159
159
159
159
159
159
159
159
159
159
159
159
159
159
159
163
161
163
159
163
163
163
163
163
163
163
163
163
163
163
163
163
163
163
163
163
163
163
163
163
163
167
167
167
165
163
167
167
167
167
167
167
167
167
167
167
167
167
167
167
167
167
167
167
167
167
167
167
167
167
167
167
167
167
167
167
171
171
171
171
171
171
171
171
171
171
171
171
171
171
171
171
171
171
171
171
171
171
171
171
171
171
171
171
171
171
171
171
171
171
171
175
175
175
175
173
175
175
175
175
175
175
175
175
175
175
175
175
175
175
175
175
175
175
175
175
175
175
175
175
177
175
175
177
175
177
177
179
177
179
179
179
179
179
179
179
179
179
179
179
179
179
179
179
179
179
179
179
179
179
179
179
179
179
179
179
181
183
179
183
179
183
183
179
181
183
183
183
183
183
183
183
183
183
183
183
183
183
183
183
183
183
183
183
183
183
183
183
183
183
183
183
183
183
183
185
183
183
187
185
183
185
187
187
187
187
187
187
187
187
187
187
187
187
187
187
187
187
187
187
187
187
187
187
187
187
187
187
187
187
187
187
187
187
187
191
187
187
189
189
191
187
191
187
191
191
191
191
191
191
191
191
191
191
191
191
191
191
191
191
191
191
191
191
191
191
191
191
191
191
191
191
191
191
191
191
191
191
191
191
191
191
191
193
191
191
195
195
195
195
195
195
195
195
195
195
195
195
195
195
195
195
195
195
195
195
195
195
195
195
195
195
195
195
195
195
195
195
195
195
195
195
195
195
195
199
195
197
199
195
199
199
197
199
199
199
199
199
199
199
199
199
199
199
199
199
199
199
199
199
199
199
199
199
199
199
199
199
199
199
199
199
199
199
199
199
199
199
199
199
199
199
199
199
199
201
203
199
199
203
199
201
203
201
199
203
203
203
203
203
203
203
203
203
203
203
203
203
203
203
203
203
203
203
203
203
203
203
203
203
203
203
203
203
203
203
203
203
203
203
203
203
203
203
203
203
203
203
203
203
203
203
207
205
207
203
203
205
207
207
207
207
207
207
207
207
207
207
207
207
207
207
207
207
207
207
207
207
207
207
207
207
207
207
207
207
207
207
207
207
207
207
207
207
207
207
207
207
207
207
207
207
207
207
207
207
207
209
207
209
209
207
207
207
207
211
211
211
211
211
211
211
211
211
211
211
211
211
211
211
211
211
211
211
211
211
211
211
211
211
211
211
211
211
211
211
211
211
211
211
211
211
211
211
211
211
211
211
211
211
211
211
211
211
211
211
211
211
211
211
211
211
211
213
211
213
213
211
211
211
215
215
211
215
215
213
215
215
215
215
215
215
215
215
215
215
215
215
215
215
215
215
215
215
215
215
215
215
215
215
215
215
215
215
215
215
215
215
215
215
215
215
215
215
215
215
215
215
215
215
215
215
215
215
215
215
215
215
215
215
215
215
215
215
215
215
215
215
215
215
215
217
215
215
217
215
215
215
219
219
219
219
219
219
219
219
219
219
219
219
219
219
219
219
219
219
219
219
219
219
219
219
219
219
219
219
219
219
219
219
219
219
219
219
219
219
219
219
219
219
219
219
219
219
219
219
219
219
219
219
219
219
219
219
219
219
219
219
219
219
219
219
219
219
219
219
219
219
219
219
219
219
219
219
219
221
219
219
219
223
223
219
223
223
221
223
223
223
223
223
223
223
223
223
223
223
223
223
223
223
223
223
223
223
223
223
223
223
223
223
223
223
223
223
223
223
223
223
223
223
223
223
223
223
223
223
223
223
223
223
223
223
223
223
223
223
223
223
223
223
223
223
223
223
223
223
223
223
223
223
223
223
223
223
223
223
225
223
223
223
223
223
223
223
225
223
227
225
223
223
225
227
227
223
227
225
227
227
227
227
223
227
225
225
227
227
227
227
225
227
227
227
227
227
227
227
227
227
227
227
227
227
227
227
227
227
227
227
227
227
227
227
227
227
227
227
227
227
227
227
227
227
227
227
227
227
227
227
227
227
227
227
227
227
227
227
227
227
227
227
227
227
227
227
227
227
227
227
227
227
227
227
227
227
227
227
227
227
227
227
227
227
227
227
227
227
227
227
227
227
227
227
227
229
227
231
231
227
229
227
227
231
229
227
227
231
227
231
229
229
231
229
229
231
231
231
231
231
231
231
231
231
231
231
231
231
231
231
231
231
231
231
231
231
231
231
231
231
231
231
231
231
231
231
231
231
231
231
231
231
231
231
231
231
231
231
231
231
231
231
231
231
231
231
231
231
231
231
231
231
231
231
231
231
231
231
231
231
231
231
231
231
231
231
231
231
231
231
231
231
231
231
231
231
231
231
231
231
231
231
231
231
231
231
231
231
231
231
231
231
231
231
231
231
231
231
231
231
231
231
231
231
231
231
231
231
231
233
235
231
231
231
231
233
231
235
231
231
231
235
231
231
235
233
235
235
233
235
235
231
235
233
233
235
235
235
235
235
235
235
235
235
235
235
235
235
235
235
235
235
235
235
235
235
235
235
235
235
235
235
235
235
235
235
235
235
235
235
235
235
235
235
235
235
235
235
235
235
235
235
235
235
235
235
235
235
235
235
235
235
235
235
235
235
235
235
235
235
235
235
235
235
235
235
235
235
235
235
235
235
235
235
235
235
235
235
235
235
235
235
235
235
235
235
235
235
235
235
235
235
235
235
235
235
235
235
235
235
235
235
235
235
235
235
235
235
235
235
235
235
235
235
235
235
235
235
235
235
235
235
235
235
235
235
237
235
235
235
235
235
239
235
235
235
235
239
235
239
237
235
235
235
235
235
235
237
237
235
239
239
239
235
239
239
237
235
239
239
237
235
237
237
239
239
237
239
239
239
239
239
239
235
239
239
239
239
239
239
239
239
239
239
239
239
239
239
239
239
239
239
239
239
239
239
239
239
239
239
239
239
239
239
239
239
239
239
239
239
239
239
239
239
239
239
239
239
239
239
239
239
239
239
239
239
239
239
239
239
239
239
239
239
239
239
239
239
239
239
239
239
239
239
239
239
239
239
239
239
239
239
239
239
239
239
239
239
239
239
239
239
239
239
239
239
239
239
239
239
239
239
239
239
239
239
239
239
239
239
239
239
239
239
239
239
239
239
239
239
239
239
239
239
239
239
239
239
239
239
239
239
239
239
239
239
239
239
239
239
239
239
239
239
239
239
239
239
239
239
239
239
239
239
239
239
239
239
239
239
239
239
239
239
239
239
239
239
239
239
239
241
239
239
239
239
239
239
239
239
239
239
239
239
239
239
239
239
239
239
239
239
235
235
235
235
235
235
235
235
235
235
233
235
231
231
231
231
231
231
231
231
231
231
231
227
227
227
227
227
227
227
227
227
227
227
223
225
223
223
223
223
223
223
223
223
223
219
219
219
219
219
219
219
219
219
219
219
219
215
219
215
215
215
215
215
215
215
215
215
215
211
211
211
211
211
211
211
211
211
211
211
211
207
211
209
207
207
207
207
207
207
207
207
207
207
205
207
203
203
203
203
203
203
203
203
203
203
203
199
199
199
199
199
199
199
199
199
199
199
199
199
199
199
197
195
195
195
195
195
195
195
195
195
195
195
191
193
191
191
191
191
191
191
191
191
191
191
191
191
191
187
187
187
187
187
187
187
187
187
187
187
187
187
185
185
183
183
183
183
183
183
183
183
183
183
183
183
179
183
179
179
179
179
179
179
179
179
179
179
179
179
179
175
175
175
175
175
175
175
175
175
175
175
175
175
175
175
175
171
173
171
171
171
171
171
171
171
171
171
171
171
171
171
167
171
167
167
167
167
167
167
167
167
167
167
167
167
165
167
167
167
163
163
163
163
163
163
163
163
163
163
163
163
163
163
163
159
159
159
159
159
159
159
159
159
159
159
159
159
159
159
157
155
155
155
155
155
155
155
155
155
155
155
155
155
155
155
155
151
151
151
151
151
151
151
151
151
151
151
151
151
151
151
151
151
149
151
149
147
147
147
147
147
147
147
147
147
147
147
147
147
147
147
145
145
145
143
143
143
143
143
143
143
143
143
143
143
143
143
143
143
143
143
139
141
139
139
139
139
139
139
139
139
139
139
139
139
139
139
139
139
139
139
139
137
135
135
135
135
135
135
135
135
135
135
135
135
135
135
135
135
135
131
135
131
131
131
131
131
131
131
131
131
131
131
131
131
131
131
131
131
131
127
127
127
127
127
127
127
127
127
127
127
127
127
127
127
127
127
127
127
123
125
123
123
123
123
123
123
123
123
123
123
123
123
123
123
123
123
123
123
123
123
123
119
119
119
119
119
119
119
119
119
119
119
119
119
119
119
119
119
119
119
119
119
119
119
117
117
115
115
115
115
115
115
115
115
115
115
115
115
115
115
115
115
115
115
115
115
111
111
113
111
111
111
111
111
111
111
111
111
111
111
111
111
111
111
111
111
111
111
109
109
107
107
107
107
111
107
107
107
107
107
107
107
107
107
107
107
107
107
107
107
107
107
107
103
107
103
105
107
107
103
103
103
103
103
103
103
103
103
103
103
103
103
103
103
103
103
103
103
103
103
103
103
99
101
99
99
99
99
99
99
99
99
99
99
99
99
99
99
99
99
99
99
99
99
99
97
99
97
97
99
99
99
95
95
95
95
95
95
95
95
95
95
95
95
95
95
95
95
95
95
95
95
95
95
95
95
95
95
93
91
93
91
91
91
91
91
91
91
91
91
91
91
91
91
91
91
91
91
91
91
91
91
91
91
89
91
91
87
87
87
87
87
87
87
87
87
87
87
87
87
87
87
87
87
87
87
87
87
87
87
87
87
87
87
87
87
85
87
87
85
83
83
83
85
85
83
83
83
83
83
83
83
83
83
83
83
83
83
83
83
83
83
83
83
83
83
83
83
83
81
83
83
79
79
81
79
79
79
79
79
79
79
79
79
79
79
79
79
79
79
79
79
79
79
79
79
79
79
79
79
79
79
79
79
79
77
79
75
75
77
75
75
75
75
75
75
75
75
75
75
75
75
75
75
75
75
75
75
75
75
75
75
75
75
75
75
75
75
75
75
75
73
71
73
75
73
71
71
71
71
71
71
71
71
71
71
71
71
71
71
71
71
71
71
71
71
71
71
71
71
71
71
71
71
71
71
71
71
71
71
71
67
67
67
67
67
69
67
67
67
67
67
67
67
67
67
67
67
67
67
67
67
67
67
67
67
67
67
67
67
67
67
67
67
65
67
67
63
67
67
65
65
67
63
63
63
63
63
63
63
63
63
63
63
63
63
63
63
63
63
63
63
63
63
63
63
63
63
63
63
63
63
63
63
63
63
63
63
63
63
63
63
63
63
63
59
59
59
63
59
59
59
59
59
59
59
59
59
59
59
59
59
59
59
59
59
59
59
59
59
59
59
59
59
59
59
59
59
59
59
59
59
59
59
59
57
59
59
55
59
57
55
59
55
55
55
55
55
55
55
55
55
55
55
55
55
55
55
55
55
55
55
55
55
55
55
55
55
55
55
55
55
55
55
55
55
55
55
55
55
55
55
55
55
55
55
53
55
55
55
51
51
55
55
51
55
55
51
51
51
51
51
51
55
51
51
51
51
51
51
51
51
51
51
51
51
51
51
51
51
51
51
51
51
51
51
51
51
51
51
51
51
51
51
51
51
51
51
51
51
51
51
51
51
51
51
47
47
47
49
47
47
49
47
47
47
47
47
47
47
47
47
47
47
47
47
47
47
47
47
47
47
47
47
47
47
47
47
47
47
47
47
47
47
47
47
47
47
47
47
47
47
47
47
47
47
47
43
47
47
47
43
47
47
47
43
47
47
43
43
43
45
43
47
43
43
43
43
43
43
43
43
43
43
43
43
43
43
43
43
43
43
43
43
43
43
43
43
43
43
43
43
43
43
43
43
43
43
43
43
43
43
41
41
43
43
43
39
41
43
43
43
43
39
39
39
39
39
39
39
39
39
39
43
39
39
39
39
39
39
39
39
39
39
39
39
39
39
39
39
39
39
39
39
39
39
39
39
39
39
39
39
39
39
39
39
39
39
39
39
39
39
39
39
39
39
39
39
39
39
39
39
39
39
39
39
39
39
39
39
39
39
35
39
35
39
39
39
35
35
39
35
35
35
35
35
39
35
35
35
35
35
35
35
35
35
35
35
35
39
35
35
35
35
35
35
35
35
35
35
35
35
35
35
35
35
35
35
35
35
35
35
35
35
35
35
35
33
35
35
35
35
35
35
35
35
31
35
35
35
35
35
33
35
35
35
35
35
35
31
35
31
31
35
35
33
35
31
31
31
31
31
31
31
31
31
31
31
31
31
31
31
31
31
31
31
31
31
31
31
31
31
31
31
31
31
31
31
31
31
31
31
31
31
31
31
31
31
31
31
31
31
31
31
31
31
31
31
31
31
31
31
31
31
31
31
31
31
31
31
31
31
31
31
31
31
31
31
31
29
31
31
31
29
31
29
31
31
31
27
31
31
31
27
31
31
27
27
27
29
29
27
27
27
27
27
27
27
27
27
27
27
27
27
27
27
27
27
27
27
27
27
27
27
27
27
27
27
27
27
27
27
27
27
27
27
27
27
27
27
27
27
27
27
27
27
27
27
27
27
27
27
27
27
27
27
27
27
27
27
27
27
27
27
27
27
27
27
27
27
27
27
27
27
27
27
27
27
27
27
27
27
27
27
27
27
23
23
27
27
23
23
23
23
27
27
25
27
27
23
27
23
27
27
27
27
25
23
23
23
27
23
23
23
23
23
23
23
23
23
23
23
23
23
23
23
23
23
23
23
23
23
23
23
23
23
23
23
23
23
23
23
23
23
23
23
23
23
23
23
23
23
23
23
23
23
23
23
23
23
23
23
23
23
23
23
23
23
23
23
23
23
23
23
23
23
23
23
23
23
23
23
23
23
23
23
23
23
23
23
23
23
23
23
23
23
23
23
23
23
23
23
23
23
23
23
23
23
23
21
23
23
21
19
21
23
21
19
23
19
19
23
23
19
19
19
19
19
19
21
19
21
19
23
21
19
19
19
19
19
19
19
19
19
19
19
19
19
19
19
19
19
19
19
19
19
19
19
19
19
19
19
19
19
19
19
19
19
19
19
19
19
19
19
19
19
19
19
19
19
19
19
19
19
19
19
19
19
19
19
19
19
19
19
19
19
19
19
19
19
19
19
19
19
19
19
19
19
19
19
19
19
19
19
19
19
19
19
19
19
19
19
19
19
19
19
19
19
19
19
19
19
19
19
19
19
19
19
19
19
19
17
19
19
19
17
19
19
19
19
19
17
15
17
17
15
17
17
19
15
15
17
19
19
19
19
17
15
19
15
15
15
19
15
15
15
15
15
15
15
15
15
15
15
15
15
15
15
15
15
15
15
15
15
15
15
15
15
15
15
15
15
15
15
15
15
15
15
15
15
15
15
15
15
15
15
15
15
15
15
15
15
15
15
15
15
15
15
15
15
15
15
15
15
15
15
15
15
15
15
15
15
15
15
15
15
15
15
15
15
15
15
15
15
15
15
15
15
15
15
15
15
15
15
15
15
15
15
15
15
15
15
15
15
15
15
15
15
15
15
15
15
15
15
15
15
15
15
15
15
15
15
15
15
15
15
15
15
15
15
15
13
15
15
15
15
13
15
11
15
15
15
15
15
15
15
15
13
15
15
13
15
15
15
15
15
13
13
15
15
15
15
11
15
15
15
15
15
15
13
15
15
15
13
11
13
13
11
13
11
15
11
15
15
11
15
15
11
13
13
11
11
15
11
13
11
13
15
13
11
11
13
11
13
11
15
15
11
11
11
11
11
11
11
13
11
11
11
11
11
11
11
11
11
11
11
11
11
11
11
11
11
11
11
11
11
11
11
11
11
11
11
11
11
11
11
11
11
11
11
11
11
11
11
11
11
11
11
11
11
11
11
11
11
11
11
11
11
11
11
11
11
11
11
11
11
11
11
11
11
11
11
11
11
11
11
11
11
11
11
11
11
11
11
11
11
11
11
11
11
11
11
11
11
11
11
11
11
11
11
11
11
11
11
11
11
11
11
11
11
11
11
11
11
11
11
11
11
11
11
11
11
11
11
11
11
11
11
11
11
11
11
11
11
11
11
11
11
11
11
11
11
11
11
11
11
11
11
11
11
11
11
11
11
11
11
11
11
11
11
11
11
11
11
11
11
11
11
11
11
11
11
11
11
11
11
11
11
11
11
11
11
11
11
11
11
11
11
11
11
11
11
11
11
11
11
11
11
11
11
11
11
11
11
11
11
11
11
11
11
11
9
7
11
11
9
11
11
11
11
7
11
11
7
7
7
9
11
11
7
9
11
7
11
11
11
7
11
11
11
7
7
9
9
11
7
9
11
7
11
7
11
7
11
9
7
9
7
11
7
7
7
7
7
7
11
7
11
7
7
11
7
7
7
7
11
7
7
7
11
7
7
7
7
7
9
7
7
7
7
7
7
7
7
7
7
7
7
7
7
7
7
9
7
7
7
7
7
7
7
7
7
7
7
7
7
7
7
7
7
7
7
7
7
7
7
7
7
7
7
7
7
7
7
7
7
7
7
7
7
7
7
7
7
7
7
7
7
7
7
7
7
7
7
7
7
7
7
7
7
7
7
7
7
7
7
7
7
7
7
7
7
7
7
7
7
7
7
7
7
7
7
7
7
7
7
7
7
7
7
7
7
7
7
7
7
7
7
7
7
7
7
7
7
7
7
7
7
7
7
7
7
7
7
7
7
7
7
7
7
7
7
7
7
7
7
7
7
7
7
7
7
7
7
7
7
7
7
7
7
7
7
7
7
7
7
7
7
7
7
7
7
7
7
7
7
7
7
7
7
7
7
7
7
7
7
7
7
7
7
7
7
7
7
7
7
7
7
7
7
7
7
7
7
7
7
7
7
7
7
7
7
7
7
7
7
7
7
7
7
7
7
7
7
7
7
7
7
7
7
7
7
7
7
7
7
7
7
7
7
7
7
7
7
7
7
7
7
7
7
7
7
7
7
7
7
7
7
7
7
7
7
7
7
7
7
7
7
7
7
7
7
7
7
7
7
7
7
7
7
7
7
7
7
7
7
7
7
7
7
7
7
7
7
7
7
7
7
7
7
7
7
7
7
7
7
7
7
7
7
7
7
7
7
7
7
7
7
7
7
7
7
7
7
7
7
7
7
7
7
7
7
7
7
7
7
7
7
7
7
7
7
7
7
7
7
5
7
7
7
7
7
7
7
7
7
5
7
7
7
7
7
7
7
5
7
7
7
7
7
7
7
7
7
7
7
7
